# Created by Octave 4.4.0, Thu Jul 12 10:36:12 2018 GMT <unknown@ZXY-PC>
# name: model
# type: scalar struct
# ndims: 2
 1 1
# length: 6
# name: X
# type: matrix
# rows: 16
# columns: 2
 3.5771999999999999 2.8559999999999999
 4.0149999999999997 3.1937000000000002
 3.1048 3.0709
 1.9181999999999999 4.0533999999999999
 2.6555 3.5007999999999999
 3.0356999999999998 3.3165
 1.5841000000000001 3.3574999999999999
 2.0103 3.2039
 1.9527000000000001 2.7843
 2.3098999999999998 2.9584000000000001
 2.8283 2.6309
 3.0472999999999999 2.2930999999999999
 1.3190999999999999 3.5108999999999999
 2.4481999999999999 2.6410999999999998
 2.5402999999999998 2.8866999999999998
 0.086404999999999996 4.1044999999999998


# name: y
# type: matrix
# rows: 16
# columns: 1
 1
 1
 1
 1
 1
 1
 -1
 -1
 -1
 -1
 -1
 -1
 -1
 -1
 -1
 1


# name: kernelFunction
# type: function handle
# octaveroot: D:\OCTAVE~1.0
# path: D:\github\machine-learning-ex\machine-learning-ex6\ex6\linearKernel.m
linearKernel


# name: b
# type: scalar
-10.630548022668624


# name: alphas
# type: matrix
# rows: 16
# columns: 1
 1
 1.7347234759768071e-018
 1
 0.62478763524169301
 1
 0.88979568950853793
 1
 1
 2.2551405187698492e-017
 1
 0.99999999999999989
 1.0408340855860843e-017
 0.51458332475023094
 5.5511151231257827e-017
 1
 1


# name: w
# type: matrix
# rows: 2
# columns: 1
 1.3718385528836545
 2.1716710100781582




